MatMul:196,768,768,768
MatMul:196,768,768,768
ElementAdd:196,768,196,768
MatMul:196,768,768,768
MatMul:196,768,768,768
MatMul:196,768,768,768
MatMul:196,768,768,196
MatMul:768,196,196,768
MatMul:196,768,768,3072
MatMul:196,3072,3072,768
MatMul:196,768,768,768
MatMul:196,768,768,768
MatMul:196,768,768,768
MatMul:196,768,768,196
MatMul:768,196,196,768
MatMul:196,768,768,3072
MatMul:196,3072,3072,768
MatMul:196,768,768,768
MatMul:196,768,768,768
MatMul:196,768,768,768
MatMul:196,768,768,196
MatMul:768,196,196,768
MatMul:196,768,768,3072
MatMul:196,3072,3072,768
MatMul:196,768,768,768
MatMul:196,768,768,768
MatMul:196,768,768,768
MatMul:196,768,768,196
MatMul:768,196,196,768
MatMul:196,768,768,3072
MatMul:196,3072,3072,768
MatMul:196,768,768,768
MatMul:196,768,768,768
MatMul:196,768,768,768
MatMul:196,768,768,196
MatMul:768,196,196,768
MatMul:196,768,768,3072
MatMul:196,3072,3072,768
MatMul:196,768,768,768
MatMul:196,768,768,768
MatMul:196,768,768,768
MatMul:196,768,768,196
MatMul:768,196,196,768
MatMul:196,768,768,3072
MatMul:196,3072,3072,768
MatMul:196,768,768,768
MatMul:196,768,768,768
MatMul:196,768,768,768
MatMul:196,768,768,196
MatMul:768,196,196,768
MatMul:196,768,768,3072
MatMul:196,3072,3072,768
MatMul:196,768,768,768
MatMul:196,768,768,768
MatMul:196,768,768,768
MatMul:196,768,768,196
MatMul:768,196,196,768
MatMul:196,768,768,3072
MatMul:196,3072,3072,768
MatMul:196,768,768,768
MatMul:196,768,768,768
MatMul:196,768,768,768
MatMul:196,768,768,196
MatMul:768,196,196,768
MatMul:196,768,768,3072
MatMul:196,3072,3072,768
MatMul:196,768,768,768
MatMul:196,768,768,768
MatMul:196,768,768,768
MatMul:196,768,768,196
MatMul:768,196,196,768
MatMul:196,768,768,3072
MatMul:196,3072,3072,768
MatMul:196,768,768,768
MatMul:196,768,768,768
MatMul:196,768,768,768
MatMul:196,768,768,196
MatMul:768,196,196,768
MatMul:196,768,768,3072
MatMul:196,3072,3072,768
MatMul:196,768,768,768
MatMul:196,768,768,768
MatMul:196,768,768,768
MatMul:196,768,768,196
MatMul:768,196,196,768
MatMul:196,768,768,3072
MatMul:196,3072,3072,768
MatMul:1,768,768,2
